Type Animal FOV Scan_type Valid BPM Diameter Max_flow Speed_change Area_change Compliance
ATX E1 1 ThreeD_rfa 1 342 51 1.48544 0 0 0 
ATX E1 1 X 0 353 0 1.48544 0 0 0 
ATX E1 1 Y 0 335 0 1.48544 0 0 0 
ATX E1 2 ThreeD_rfa 1 382 68 3.31541 0 0 0 
ATX E1 2 X 1 385 73.0147 3.31541 1.4907 0.594907 4.48186 
ATX E1 2 Y 1 381 64.2728 3.31541 3.07569 0.225318 0.19491 
ATX E1 3 ThreeD_rfa 1 476 121 24.5826 0 0 0 
ATX E1 3 X 1 477 110.757 24.5826 1.73228 0.760546 9.05619 
ATX E1 3 Y 1 479 121.339 24.5826 2.30041 0.757161 9.70361 
ATX E1 4 ThreeD_rfa 1 443 89 7.25483 0 0 0 
ATX E1 4 X 1 451 70.5804 7.25483 9.58237 2.3387 1.71027 
ATX E1 4 Y 1 452 73.5305 7.25483 2.7445 1.58544 7.12553 
ATX E1 5 ThreeD_rfa 0 407 0 0 0 0 0 
ATX E1 5 X 0 400 0 0 0 0 0 
ATX E1 5 Y 0 387 0 0 0 0 0 
ATX E2 1 ThreeD_rfa 1 605 104 16.8693 0 0 0 
ATX E2 1 X 1 609 95.9824 16.8693 0.212271 0.0781354 2.59089 
ATX E2 1 Y 1 607 103.373 16.8693 0.182584 0.062359 3.51585 
ATX E2 2 ThreeD_rfa 1 614 95 11.1087 0 0 0 
ATX E2 2 X 1 612 98.7084 11.1087 0.137321 0.025007 1.68549 
ATX E2 2 Y 1 612 81.5768 11.1087 0.0995629 0.0140285 0.401551 
ATX E2 3 ThreeD_rfa 0 642 0 0 0 0 0 
ATX E2 3 X 0 635 0 0 0 0 0 
ATX E2 3 Y 0 636 0 0 0 0 0 
ATX E2 4 ThreeD_rfa 1 648 162 13.4888 0 0 0 
ATX E2 4 X 0 657 0 13.4888 0 0 0 
ATX E2 4 Y 1 656 150.443 13.4888 0.839009 -0.012055 0 
ATX E2 5 ThreeD_rfa 1 646 118 27.9551 0 0 0 
ATX E2 5 Slice 1 646 110.526 27.9551 0.154693 0.013121 0.536056 
ATX E2 5 X 1 640 112.482 27.9551 0.208286 0.0387769 1.50428 
ATX E2 5 Y 1 646 119.59 27.9551 0.278152 0.0985934 5.48047 
ATX E3 1 ThreeD_rfa 1 587 109 21.1967 0 0 0 
ATX E3 1 X 1 590 115.929 21.1967 0.12954 0.0986016 34.9236 
ATX E3 1 Y 1 588 100.235 21.1967 0.0780157 0.0557615 11.2054 
ATX E3 2 ThreeD_rfa 1 596 83 9.10754 0 0 0 
ATX E3 2 X 1 578 104.6 9.10754 2.66072 0.975435 14.4837 
ATX E3 2 Y 1 591 81.3435 9.10754 1.76662 0.402946 1.20054 
ATX E3 3 ThreeD_rfa 1 543 108 15.2101 0 0 0 
ATX E3 3 X 1 555 118.795 15.2101 0.156035 0.0275522 3.53753 
ATX E3 3 Y 1 551 123.008 15.2101 0.123455 0.0711382 28.7198 
ATX E3 4 ThreeD_rfa 1 556 83 9.3405 0 0 0 
ATX E3 4 X 1 556 76.2508 9.3405 0.127837 0.0562755 1.60714 
ATX E3 4 Y 1 555 81.3435 9.3405 0.104033 0.0641089 4.82506 
ATX E3 5 ThreeD_rfa 0 530 0 0 0 0 0 
ATX E3 5 X 0 537 0 0 0 0 0 
ATX E3 5 Y 0 532 0 0 0 0 0 
ATX E4 1 ThreeD_rfa 1 582 109 2.79747 0 0 0 
ATX E4 1 X 1 584 102.777 2.79747 0.210896 0.0795114 24.2955 
ATX E4 1 Y 0 583 0 2.79747 0 0 0 
ATX E4 2 ThreeD_rfa 1 608 79 0.967301 0 0 0 
ATX E4 2 X 0 601 0 0.967301 0 0 0 
ATX E4 2 Y 0 604 0 0.967301 0 0 0 
ATX E4 3 ThreeD_rfa 1 612 89 8.9918 0 0 0 
ATX E4 3 X 1 615 100.865 8.9918 0.102471 0.122798 0 
ATX E4 3 Y 1 616 87.7432 8.9918 0.0695705 0.0230835 2.32209 
ATX E4 4 ThreeD_rfa 1 612 73 6.42988 0 0 0 
ATX E4 4 X 1 607 91.9904 6.42988 0.207924 0.0866391 6.54703 
ATX E4 4 Y 1 607 84.4564 6.42988 0.19103 0.00957018 0.272119 
ATX E4 5 ThreeD_rfa 1 613 105 19.5109 0 0 0 
ATX E4 5 X 1 604 79.6758 19.5109 0.16179 0.152455 22.5399 
ATX E4 5 Y 1 609 97.8448 19.5109 0.117972 0.0217271 0.921057 
ATX E5 1 ThreeD_rfa 1 539 130 16.4109 0 0 0 
ATX E5 1 X 1 548 103.34 16.4109 0.0879554 0.0465251 7.69331 
ATX E5 1 Y 1 552 105.223 16.4109 0.079579 0.027752 4.00666 
ATX E5 2 ThreeD_rfa 1 527 60 8.8838 0 0 0 
ATX E5 2 X 1 548 63.3462 8.8838 0.10825 0.0782725 1.943 
ATX E5 2 Y 1 530 53.2626 8.8838 0.0614246 0.0151373 0.0837261 
ATX E5 3 ThreeD_rfa 0 525 0 0 0 0 0 
ATX E5 3 X 1 520 76.0206 0 0.241075 0.103008 0 
ATX E5 3 Y 1 530 24.1758 0 0.174041 0.0634618 0 
ATX E5 4 ThreeD_rfa 1 524 51 0.992622 0 0 0 
ATX E5 4 X 0 519 0 0.992622 0 0 0 
ATX E5 4 Y 1 533 56.2913 0.992622 0.185636 0.0480011 1.13689 
ATX E5 5 ThreeD_rfa 1 533 87 3.45933 0 0 0 
ATX E5 5 X 1 517 88.8059 3.45933 0.111746 0.0369997 6.54479 
ATX E5 5 Y 1 507 98.6299 3.45933 0.139295 0.0328779 7.53268 
ATX E6 1 ThreeD_rfa 1 519 113 19.3192 0 0 0 
ATX E6 1 Y 1 483 88.5364 19.3192 0.217556 0.0838449 1.52421 
ATX E6 2 ThreeD_rfa 1 528 50 4.89558 0 0 0 
ATX E6 2 X 0 537 0 4.89558 0 0 0 
ATX E6 2 Y 0 534 0 4.89558 0 0 0 
ATX E6 3 ThreeD_rfa 1 533 127 29.0654 0 0 0 
ATX E6 3 X 1 527 113.331 29.0654 0.0547919 0.0258862 5.84712 
ATX E6 3 Y 1 534 116.856 29.0654 0.0366436 0.00687448 1.7727 
ATX E6 4 ThreeD_rfa 1 511 101 6.14364 0 0 0 
ATX E6 4 X 0 524 0 6.14364 0 0 0 
ATX E6 4 Y 0 526 0 6.14364 0 0 0 
ATX E6 5 ThreeD_rfa 0 484 0 0 0 0 0 
ATX E6 5 X 0 501 0 0 0 0 0 
ATX E6 5 Y 0 494 0 0 0 0 0 
ATX V5 1 Y 0 155 124.323 0 0.140521 0.0629138 0 
ATX V5 1 ThreeD 0 149 0 0 0 0 0 
ATX V5 1 X 0 169 161.58 0 0.109339 0.0385283 0 
ATX V5 2 X 0 167 120.388 0 0.331885 0.141193 0 
ATX V5 3 X 0 168 89.5457 0 0.0320304 0.00840827 0 
ATX V5 4 ThreeD_rfa 0 163 133 9.95311 0 0 0 
ATX V5 4 X 0 164 111.667 9.95311 0.258226 0.0761445 7.66594 
ATX V5 4 Y 0 164 106.755 9.95311 0.212326 0.055818 4.9215 
ATX V8 1 ThreeD_rfa 0 226 91.2407 9.15358 0 0 0 
ATX V8 1 X 0 227 86.7347 9.15358 0.254928 0.193455 15.7588 
ATX V8 1 Y 0 222 0 9.15358 0 0 0 
ATX V8 1 ThreeD_rfa 0 227 90.4876 9.15358 0 0 0 
ATX V8 2 ThreeD_rfa 0 212 70 5.75991 0 0 0 
ATX V8 2 X 0 211 81.9587 5.75991 0.247789 0.108002 4.09678 
ATX V8 2 Y 0 214 0 5.75991 0 0 0 
ATX V9 1 ThreeD_rfa 0 223 48 9.71929 0 0 0 
ATX V9 1 Slice 0 223 62.0901 9.71929 1.36493 0.915516 2.19086 
ATX V9 1 Y 0 222 61.2519 9.71929 1.61651 0.790626 0.889304 
ATX V9 2 X 0 220 0 0 0 0 0 
ATX V9 2 Y 0 218 0 0 0 0 0 
ATX V9 3 ThreeD_rfa 0 209 0 0 0 0 0 
ATX V9 3 X 0 213 0 0 0 0 0 
ATX V9 3 Y 0 211 0 0 0 0 0 
ATX V10 1 ThreeD_rfa 0 181 218 138.452 0 0 0 
ATX V10 1 X 0 168 206.169 138.452 0.399559 0.104532 18.044 
ATX V10 1 Y 0 181 209.104 138.452 0.384206 0.081653 14.6372 
ATX V10 2 ThreeD_rfa 0 181 0 0 0 0 0 
ATX V10 2 Slice 0 181 88.6835 0 0.224513 0.119594 0 
ATX V10 2 Slice 0 181 223.982 0 0.100716 0.0314641 0 
ATX V11 1 ThreeD_rfa 0 173 141 11.8203 0 0 0 
ATX V11 1 X 0 170 114.65 11.8203 0.303446 0.0934667 8.15487 
ATX V11 1 Y 0 171 0 11.8203 0 0 0 
CAT E8 1 ThreeD_rfa 0 465 0 0 0 0 0 
CAT E8 1 X 0 594 92.6624 0 0.0257718 0.000970958 0 
CAT E8 1 Y 0 595 80.4525 0 0.0560006 0.00598127 0 
CAT E8 2 ThreeD_rfa 0 513 85 10.2604 0 0 0 
CAT E8 2 X 0 441 49.5514 10.2604 0.0884695 -0.000513394 0 
CAT E8 2 Y 0 462 65.3144 10.2604 0.138494 0.0274108 0.181017 
CAT E8 3 ThreeD_rfa 0 470 94 2.33091 0.246607 0 0 
CAT E8 3 X 0 467 69.7279 2.33091 0.232511 0.0268015 0.615441 
CAT E8 3 Y 0 481 81.0479 2.33091 0.155454 0.0570296 6.78439 
CAT E8 4 ThreeD_rfa 0 491 96 10.691 0 0 0 
CAT E8 4 X 0 516 0 10.691 0 0 0 
CAT E8 4 Y 0 513 0 10.691 0 0 0 
CAT E8 5 ThreeD_rfa 0 410 80 9.04359 0 0 0 
CAT E8 5 X 0 415 74.6405 9.04359 0.0717549 0.00532141 0.142057 
CAT E8 5 Y 0 416 77.6518 9.04359 0.0827183 0.0896377 0 
CAT E9 1 X 0 506 101.32 14.0722 0.129226 0.025679 1.72903 
CAT E9 1 Y 0 500 113.224 14.0722 0.117111 0.0824709 33.6908 
CAT E9 1 ThreeD_rfa 0 505 113 14.0722 0 0 0 
CAT E9 2 ThreeD_rfa 0 505 97 14.2621 0 0 0 
CAT E9 2 X 0 518 81.4552 14.2621 0.0694294 0.0448268 3.54901 
CAT E9 2 Y 0 507 0 14.2621 0 0 0 
CAT E9 3 ThreeD_rfa 0 495 61 3.48792 0 0 0 
CAT E9 3 X 0 497 46.3635 3.48792 0.112337 0.0141874 0.0421995 
CAT E9 3 Y 0 499 0 3.48792 0 0 0 
CAT E9 4 ThreeD_rfa 0 507 108 6.12298 0 0 0 
CAT E9 4 Y 0 506 0 6.12298 0 0 0 
CAT E9 5 ThreeD_rfa 0 489 51 2.98911 0 0 0 
CAT E9 5 X 0 496 60.3235 2.98911 0.153767 0.0279358 0.35227 
CAT E9 5 Y 0 503 55.1184 2.98911 0.132984 0.0364232 0.357394 
CAT E10 1 ThreeD_rfa 0 459 64 5.4608 0 0 0 
CAT E10 1 X 0 457 66.108 5.4608 0.100605 0.0107631 0.174286 
CAT E10 1 Y 0 457 65.1821 5.4608 0.0562765 0.0213275 0.826336 
CAT E10 2 ThreeD_rfa 0 444 108 15.728 0 0 0 
CAT E10 2 X 0 454 90.5433 15.728 0.0745885 0.0170139 0.944225 
CAT E10 2 Y 0 449 98.9933 15.728 0.144845 0.0308141 1.47783 
CAT E10 3 ThreeD_rfa 0 450 120 18.6351 0 0 0 
CAT E10 3 X 0 450 99.9147 18.6351 0.119425 0.0234289 1.18104 
CAT E10 3 Y 0 451 0 18.6351 0 0 0 
CAT E10 5 ThreeD_rfa 0 446 141 25.8257 0 0 0 
CAT E10 5 X 0 453 0 25.8257 0 0 0 
CAT E10 5 Y 0 449 0 25.8257 0 0 0 
CAT E10 6 ThreeD_rfa 0 458 87 5.47061 0 0 0 
CAT E10 6 X 0 453 0 5.47061 0 0 0 
CAT E10 6 Y 0 458 0 5.47061 0 0 0 
CAT E12 1 ThreeD_rfa 0 347 112 7.54881 0 0 0 
CAT E12 1 X 0 380 0 7.54881 0 0 0 
CAT E12 1 Y 0 372 107.951 7.54881 0.078834 0.0145 4.20737 
CAT E12 2 ThreeD_rfa 0 363 84 6.45512 0 0 0 
CAT E12 2 X 0 385 68.9403 6.45512 0.0892018 0.0674809 5.15606 
CAT E12 2 Y 0 363 54.7849 6.45512 0.14157 0.0704809 0.433741 
CAT E12 3 ThreeD_rfa 0 369 0 0 0 0 0 
CAT E12 3 X 0 380 41.3837 0 0.336429 0.0538172 0 
CAT E12 3 Y 0 383 30.5235 0 0.339721 0.061362 0 
CAT E12 4 ThreeD_rfa 0 426 65 4.7099 0 0 0 
CAT E12 4 X 0 355 42.0628 4.7099 0.242872 0.0748991 0.0582457 
CAT E12 4 Y 0 407 74.4088 4.7099 0.14104 0.0148342 0.396775 
CAT E12 5 ThreeD_rfa 0 338 45 2.76005 0 0 0 
CAT E12 5 X 0 339 0 2.76005 0 0 0 
CAT E12 5 Y 0 343 0 2.76005 0 0 0 
CAT E12 6 ThreeD_rfa 0 311 122 11.5885 0 0 0 
CAT E12 6 X 0 408 102.455 11.5885 0.0790473 0.00307653 0.358008 
CAT E12 6 Y 0 372 110.932 11.5885 0.053823 0.0124293 4.27805 
CAT E12 7 ThreeD_rfa 0 365 127 17.6976 0 0 0 
CAT E12 7 X 0 327 0 17.6976 0 0 0 
CAT E12 7 Y 0 306 111.626 17.6976 0.192072 0.105495 12.8771 
CAT E12 8 ThreeD_rfa 0 313 49 1.61514 0 0 0 
CAT E12 8 X 0 362 0 1.61514 0 0 0 
CAT E12 8 Y 0 331 0 1.61514 0 0 0 
CAT V1 1 X 0 195 65.8767 0 0.162378 0.00998116 0 
CAT V1 1 Y 0 184 0 0 0 0 0 
CAT V1 2 ThreeD 0 181 0 0 0 0 0 
CAT V1 2 ThreeD_rfa 0 177 0 0 0 0 0 
CAT V2 1 Y 0 245 0 0 0 0 0 
CAT V2 2 ThreeD 0 191 0 0 0 0 0 
CAT V2 2 X 0 205 79.9074 0 0.16158 0.0586861 0 
CAT V2 2 Y 0 203 75.8071 0 0.222109 0.135728 0 
CAT V2 3 ThreeD_rfa 0 183 0 0 0 0 0 
CAT V2 3 X 0 185 97.061 0 0.103975 0.0239146 0 
CAT V2 3 Y 0 182 0 0 0 0 0 
CAT V3 1 X 0 160 93.0013 22.3414 0.0868984 0.130979 0 
CAT V3 1 Y 0 147 106.47 22.3414 0.385071 0.0759987 1.51647 
CAT V3 1 ThreeD_rfa 0 166 138 22.3414 0 0 0 
CAT V3 2 ThreeD_rfa 0 168 134 23.8709 0 0 0 
CAT V3 2 X 0 169 96.6644 23.8709 0.0698054 0.0511346 8.74936 
CAT V3 2 Y 0 169 111.368 23.8709 0.089456 0.00941662 0.830288 
CAT V4 1 ThreeD 0 210 0 0 0 0 0 
CAT V4 1 X 0 197 105.567 0 0.12651 0.0510644 0 
CAT V4 2 ThreeD 0 179 0 0 0 0 0 
CAT V4 2 unknown 0 180 97.4593 0 0.618122 0.35575 0 
WT E13 1 ThreeD_rfa 1 515 107 12.8013 0 0 0 
WT E13 1 X 1 512 97.8452 12.8013 0.129739 0.0162287 0.884301 
WT E13 1 Y 1 513 90.066 12.8013 0.0901969 0.0394185 3.01953 
WT E13 2 ThreeD_rfa 1 507 128 1.92405 0 0 0 
WT E13 2 X 0 512 0 1.92405 0 0 0 
WT E13 2 Y 1 509 79.8012 1.92405 0.514188 0.00229283 0.0550212 
WT E13 3 ThreeD_rfa 1 499 76 5.08471 0 0 0 
WT E13 3 X 1 499 76.7943 5.08471 0.0889113 -0.00383273 0 
WT E13 3 Y 0 497 0 5.08471 0 0 0 
WT E13 4 ThreeD_rfa 1 495 115 4.13703 0 0 0 
WT E13 4 X 0 491 0 4.13703 0 0 0 
WT E13 4 Y 1 493 88.3428 4.13703 0.287307 0.00077062 0.0278286 
WT E13 5 ThreeD_rfa 0 491 0 0 0 0 0 
WT E13 5 X 0 490 0 0 0 0 0 
WT E13 5 Y 0 493 0 0 0 0 0 
WT E13 6 ThreeD_rfa 0 477 0 0 0 0 0 
WT E13 6 X 0 475 0 0 0 0 0 
WT E13 6 Y 0 477 0 0 0 0 0 
WT E14 1 ThreeD_rfa 1 547 279 112.473 0 0 0 
WT E14 1 X 1 549 290.926 112.473 0.106867 0.00548694 23.8599 
WT E14 1 Y 1 548 250.303 112.473 0.275227 0.0233718 17.0465 
WT E14 2 ThreeD_rfa 1 524 89 2.11633 0 0 0 
WT E14 2 X 0 525 0 2.11633 0 0 0 
WT E14 2 Y 0 524 0 2.11633 0 0 0 
WT E14 3 ThreeD_rfa 1 510 121 21.7618 0 0 0 
WT E14 3 X 1 516 115.229 21.7618 0.117652 0.0183498 1.76414 
WT E14 3 Y 1 514 122.844 21.7618 0.136683 0.0390895 5.69096 
WT E14 4 ThreeD_rfa 1 505 79 7.0668 0 0 0 
WT E14 4 X 1 507 79.0146 7.0668 0.106578 0.0167398 0.596597 
WT E14 4 Y 1 506 67.4289 7.0668 0.127391 0.0559415 1.03183 
WT E14 5 ThreeD_rfa 1 503 56 2.55827 0 0 0 
WT E14 5 X 1 503 54.3722 2.55827 0.110813 5.8067e-005 0.000517482 
WT E14 5 Y 0 504 0 2.55827 0 0 0 
WT E14 6 ThreeD_rfa 1 500 122 30.1862 0 0 0 
WT E14 6 X 1 500 114.569 30.1862 0.206813 0.045248 1.91259 
WT E14 6 Y 1 500 125.356 30.1862 0.143428 0.0172263 1.5425 
WT E14 7 ThreeD_rfa 0 495 0 0 0 0 0 
WT E14 7 X 0 496 0 0 0 0 0 
WT E14 7 Y 0 496 0 0 0 0 0 
WT E15 1 ThreeD_rfa 1 272 99 15.6008 0 0 0 
WT E15 1 X 1 276 98.7313 15.6008 0.121998 0.104807 35.469 
WT E15 1 Y 1 274 101.524 15.6008 0.395093 0.0619003 1.22399 
WT E15 2 ThreeD_rfa 1 278 120 13.8249 0 0 0 
WT E15 2 X 1 275 102.987 13.8249 0.127927 -0.0168418 0 
WT E15 2 Y 1 276 91.516 13.8249 0.136017 0.0301884 1.11832 
WT E15 3 ThreeD_rfa 1 272 98 13.389 0 0 0 
WT E15 3 X 1 276 96.7656 13.389 0.0740415 0.000226176 0.016709 
WT E15 3 Y 1 274 97.8739 13.389 0.0868931 0.00702972 0.516712 
WT E15 4 ThreeD_rfa 1 279 102 6.56665 0 0 0 
WT E15 4 X 1 279 70.5754 6.56665 0.222165 0.0338923 0.326107 
WT E15 4 Y 0 278 0 6.56665 0 0 0 
WT E15 5 ThreeD_rfa 0 316 0 0 0 0 0 
WT E15 5 X 1 314 80.4783 0 0.179985 0.0222848 0 
WT E15 5 Y 1 317 49.1488 0 0.168605 0.0219856 0 
WT E15 6 ThreeD_rfa 1 366 93 19.5482 0 0 0 
WT E15 6 X 1 357 112.885 19.5482 0.20886 0.0515689 3.18753 
WT E15 6 Y 1 359 91.5769 19.5482 0.184488 0.00496042 0.0750244 
WT E15 7 ThreeD_rfa 1 393 108 2.51841 0 0 0 
WT E15 7 X 0 390 0 2.51841 0 0 0 
WT E15 7 Y 0 391 0 2.51841 0 0 0 
WT E16 1 ThreeD_rfa 1 347 75 5.97218 0 0 0 
WT E16 1 X 1 346 77.3661 5.97218 0.223181 0.0451384 0.872824 
WT E16 1 Y 1 346 64.8659 5.97218 0.269564 0.0649241 0.398153 
WT E16 2 ThreeD_rfa 1 362 123 18.893 0 0 0 
WT E16 2 X 1 359 117.617 18.893 0.352215 0.0292627 1.13654 
WT E16 2 Y 1 361 110.713 18.893 0.374342 0.193501 10.8955 
WT E16 3 ThreeD_rfa 1 382 95 8.32506 0 0 0 
WT E16 3 X 1 380 99.9459 8.32506 0.0756159 0.0272926 6.15225 
WT E16 3 Y 1 381 84.7794 8.32506 0.0803044 0.0388014 3.9202 
WT E16 4 ThreeD_rfa 1 397 122 13.585 0 0 0 
WT E16 4 X 1 394 113.05 13.585 0.166651 0.0241515 2.3293 
WT E16 4 Y 1 396 113.732 13.585 0.151148 0.111059 42.7946 
WT E16 5 ThreeD_rfa 1 396 67 3.55983 0 0 0 
WT E16 5 X 1 400 62.0959 3.55983 1.03449 0.465388 1.83792 
WT E16 5 Y 1 398 63.491 3.55983 0.822274 0.39302 2.22604 
WT E17 1 ThreeD_rfa 1 633 65 3.25067 0 0 0 
WT E17 1 X 1 631 59.6662 3.25067 0.173981 0.0482547 0.53584 
WT E17 1 Y 1 632 64.4291 3.25067 0.212923 0.0396903 0.495857 
WT E17 2 ThreeD_rfa 1 645 109 18.0796 0 0 0 
WT E17 2 X 1 644 99.2505 18.0796 0.0650606 0.00719473 0.586853 
WT E17 2 Y 1 644 94.9378 18.0796 0.0598316 0.0310582 4.01734 
WT E17 3 ThreeD_rfa 0 653 0 0 0 0 0 
WT E17 3 X 0 650 0 0 0 0 0 
WT E17 3 Y 1 652 50.7128 0 0.144059 0.0499452 0 
WT E17 4 ThreeD_rfa 1 609 90 8.30173 0 0 0 
WT E17 4 X 1 616 74.4124 8.30173 0.0826782 0.00569669 0.140486 
WT E17 4 Y 1 610 80.1092 8.30173 0.0588545 -0.0275184 0 
WT E17 5 ThreeD_rfa 1 575 56 3.06188 0 0 0 
WT E17 5 X 1 575 57.8217 3.06188 0.228207 0.019211 0.110386 
WT E17 5 Y 1 577 63.7906 3.06188 0.239655 0.048006 0.547475 
WT E17 6 ThreeD_rfa 1 570 107 29.8477 0 0 0 
WT E17 6 X 1 575 102.397 29.8477 0.060972 -0.0020118 0 
WT E17 6 Y 1 567 109.991 29.8477 0.0562705 0.00899523 0.997614 
WT E17 7 ThreeD_rfa 1 564 79 8.64241 0 0 0 
WT E17 7 X 1 560 73.9218 8.64241 0.0605894 -0.0159301 0 
WT E17 7 Y 1 561 66.1184 8.64241 0.0193021 0.0262452 0 
WT E17 8 ThreeD_rfa 1 566 92 6.46508 0 0 0 
WT E17 8 X 0 569 0 6.46508 0 0 0 
WT E17 8 Y 0 570 0 6.46508 0 0 0 
WT E18 1 ThreeD_rfa 1 540 98 16.9686 0 0 0 
WT E18 1 X 1 539 102.662 16.9686 0.11944 0.0177386 1.08119 
WT E18 1 Y 1 538 92.0043 16.9686 0.104602 0.0200479 0.773655 
WT E18 2 ThreeD_rfa 1 568 120 12.4233 0 0 0 
WT E18 2 X 1 562 118.86 12.4233 0.300067 0.0300107 2.25703 
WT E18 2 Y 1 564 115.1 12.4233 0.340339 0.0348224 1.92416 
WT E18 3 ThreeD_rfa 1 601 127 34.3323 0 0 0 
WT E18 3 X 1 596 112.926 34.3323 0.0449519 -0.00688927 0 
WT E18 3 Y 1 598 120.488 34.3323 0.0339704 -0.00836819 0 
WT E18 4 ThreeD_rfa 1 616 98 8.99129 0 0 0 
WT E18 4 X 1 612 94.3028 8.99129 0.194957 0.009859 0.37533 
WT E18 4 Y 0 617 0 8.99129 0 0 0 
WT E18 5 ThreeD_rfa 1 589 102 6.42397 0 0 0 
WT E18 5 X 1 592 91.3517 6.42397 0.314179 0.196475 16.1852 
WT E18 5 Y 0 591 0 6.42397 0 0 0 
WT E18 6 ThreeD_rfa 1 566 157 22.9527 0 0 0 
WT E18 6 X 1 569 125.624 22.9527 0.368296 0.131229 9.26507 
WT E18 6 Y 1 569 125.163 22.9527 0.202318 0.143111 40.003 
WT E18 7 ThreeD_rfa 1 542 148 26.7863 0 0 0 
WT E18 7 X 1 538 138.019 26.7863 0.3006 0.159472 28.9634 
WT E18 7 Y 1 539 120.935 26.7863 0.175348 0.181341 0 
WT E18 8 ThreeD_rfa 1 533 39 2.43717 0 0 0 
WT E18 8 X 1 536 41.8857 2.43717 0.422377 0.296444 0.699479 
WT E18 8 Y 1 536 48.6221 2.43717 0.607247 0.183195 0.277219 
WT V13 1 ThreeD_rfa 0 142 42 2.43498 0 0 0 
WT V13 1 X 0 142 59.978 2.43498 0.255505 0.103707 1.38191 
WT V13 1 Y 0 134 57.7918 2.43498 0.241124 0.0564369 0.476869 
WT V13 2 ThreeD_rfa 0 146 88 6.28919 0 0 0 
WT V13 2 X 0 143 89.8918 6.28919 0.205764 0.00890351 0.343645 
WT V13 2 Y 0 143 89.2674 6.28919 0.272298 0.0659071 2.46073 
WT V13 3 ThreeD_rfa 0 221 75 11.4089 0 0 0 
WT V13 3 X 0 169 77.8014 11.4089 0.297953 0.0792577 0.696932 
WT V13 3 Y 0 203 82.5511 11.4089 0.317833 0.105576 1.38581 
WT V13 4 ThreeD_rfa 0 156 102 13.2408 0 0 0 
WT V13 4 X 0 158 0 13.2408 0 0 0 
WT V13 4 Y 0 162 0 13.2408 0 0 0 
WT V14 1 ThreeD_rfa 0 151 120 6.81757 0 0 0 
WT V14 1 X 0 169 107.235 6.81757 0.29711 0.113434 13.4718 
WT V14 2 ThreeD_rfa 0 130 0 0 0 0 0 
WT V14 2 X 0 129 118.288 0 0.573885 0.178737 0 
WT V14 2 Y 0 130 105.986 0 0.245295 0.0425495 0 
WT V14 3 ThreeD_rfa 0 129 85 2.31531 0 0 0 
WT V14 3 X 0 129 105.277 2.31531 0.166329 0.0118071 4.00168 
WT V14 3 Y 0 128 98.5945 2.31531 0.254228 0.0221207 3.42839 
WT V14 4 ThreeD_rfa 0 128 156 41.8374 0 0 0 
WT V14 4 X 0 133 0 41.8374 0 0 0 
WT V14 4 Y 0 136 0 41.8374 0 0 0 
WT V14 5 ThreeD_rfa 0 141 0 0 0 0 0 
WT V14 5 X 0 134 0 0 0 0 0 
WT V14 5 Y 0 132 0 0 0 0 0 
WT V15 1 ThreeD_rfa 0 122 86 10.5892 0 0 0 
WT V15 1 X 0 146 91.4576 10.5892 0.487958 0.0920328 1.25647 
WT V15 1 Y 0 151 89.3426 10.5892 0.331965 0.149869 4.08353 
WT V15 2 ThreeD_rfa 0 108 77 6.3976 0 0 0 
WT V15 2 X 0 113 80.2364 6.3976 0.179188 0.124468 9.73226 
WT V15 2 Y 0 114 70.9042 6.3976 0.423891 0.175002 1.52668 
WT V15 3 ThreeD_rfa 0 104 125 18.7313 0 0 0 
WT V15 3 X 0 102 107.523 18.7313 0.515762 0.150526 3.4349 
WT V15 3 Y 0 115 106.709 18.7313 0.32006 0.08042 2.51157 
WT V15 4 X 0 103 80.7894 0 0.293577 0.0641035 0 
WT V15 4 Y 0 102 96.6974 0 0.327761 0.0510258 0 
WT V15 5 ThreeD_rfa 0 111 99 7.76475 0 0 0 
WT V15 6 ThreeD_rfa 0 120 108 15.3408 0 0 0 
WT V15 7 ThreeD_rfa 0 161 124 27.6201 0 0 0 
WT V15 7 X 0 158 0 27.6201 0 0 0 
WT V15 7 Y 0 151 0 27.6201 0 0 0 
WT V16 1 ThreeD_rfa 0 191 141 23.5672 0 0 0 
WT V16 1 X 0 177 124.587 23.5672 0.151916 0.0530941 7.7635 
WT V16 1 Y 0 163 90.3472 23.5672 0.207044 0.027169 0.321191 
WT V16 2 ThreeD_rfa 0 140 57 8.43088 0 0 0 
WT V16 2 Slice 0 167 57.5159 8.43088 0.799796 0.426413 0.67594 
WT V16 2 X 0 194 72.4078 8.43088 0.759066 0.36494 2.00304 
WT V16 2 Y 0 141 53.0102 8.43088 0.577419 0.32779 0.450763 
WT V16 3 ThreeD_rfa 0 284 83 10.5926 0 0 0 
WT V16 3 X 0 147 0 10.5926 0 0 0 
WT V16 3 Y 0 150 0 10.5926 0 0 0 
WT V16 4 ThreeD_rfa 0 336 108 16.1198 0 0 0 
WT V16 4 X 0 297 111.227 16.1198 0.264859 0.0605131 3.2272 
WT V16 4 Y 0 330 0 16.1198 0 0 0 
